243,175,214,192,142,35,191,248,37,166,205,32,90,118,12,250,18,234,84,93,215,123,47,220,217,181,222,12,83,204,12,219,32,139,86,9,248,77,49,45,97,58,215,67,71,60,129,162,122,78,104,93,92,254,181,17,231,220,97,196,131,119,29,149
98,133,148,123,174,180,2,37,170,11,196,182,220,218,202,36,193,108,217,220,233,221,175,154,213,223,22,211,222,103,131,249,40,113,117,2,2,159,90,53,129,252,166,122,85,217,200,50,83,189,74,69,180,46,2,216,123,244,253,229,63,48,219,66
218,40,25,212,12,194,152,130,181,215,158,132,124,100,28,190,41,35,141,4,69,89,16,230,23,43,245,148,80,150,99,126,114,215,53,205,114,162,231,75,66,102,192,134,173,128,202,106,148,132,103,164,224,101,8,7,24,13,41,19,166,46,188,226
78,192,42,17,146,243,171,46,14,81,68,159,129,251,27,99,130,185,143,95,20,93,236,154,234,155,246,187,117,189,89,135,194,108,104,50,168,90,35,119,184,207,232,238,22,188,18,25,203,157,180,168,2,202,238,118,176,203,207,96,247,218,100,150
151,252,75,147,79,217,19,160,194,89,162,18,241,10,80,103,75,180,34,149,75,47,223,30,6,32,210,187,179,16,225,101,150,233,254,236,78,238,167,21,195,172,18,57,151,24,20,55,200,46,61,108,149,186,17,10,110,226,118,128,109,27,152,124
217,123,210,112,92,130,174,4,95,28,85,130,175,53,121,72,45,68,105,183,193,23,120,23,204,169,51,37,71,178,69,186,140,198,198,7,174,175,143,223,67,184,245,229,22,74,14,162,40,56,69,78,43,48,11,246,121,19,124,221,72,86,201,138
91,110,5,159,29,89,12,162,116,56,101,145,218,114,221,57,8,205,80,147,165,164,240,196,23,235,97,233,105,165,185,43,79,197,4,126,221,226,52,65,8,127,163,9,29,176,219,96,201,126,146,211,77,159,200,81,147,111,253,224,6,228,205,115
29,221,220,172,25,188,109,117,210,113,220,241,248,46,4,23,62,201,184,167,90,72,194,130,223,45,98,227,27,11,8,211,163,126,116,230,63,1,177,155,69,174,143,101,3,143,212,67,79,99,10,104,140,57,186,214,69,174,199,71,98,172,146,5
221,89,245,209,80,147,100,230,108,111,95,249,214,4,56,84,43,162,104,149,77,238,28,165,9,220,172,225,210,21,219,175,233,170,92,133,23,58,109,243,137,240,157,64,216,14,4,71,176,165,90,104,65,143,180,63,37,43,0,5,211,189,143,91
223,219,216,21,202,76,107,69,190,176,109,42,143,250,116,35,12,214,190,189,172,141,105,80,112,118,52,10,65,44,236,235,18,157,159,184,122,214,251,244,57,20,238,71,28,36,231,101,53,189,72,126,11,78,208,17,172,133,202,95,32,200,44,93
230,62,29,23,92,114,205,226,251,29,167,172,15,92,36,250,197,175,235,64,204,213,136,148,110,131,154,91,108,131,186,156,54,202,49,121,75,161,244,201,218,171,239,183,114,41,126,229,15,56,5,248,220,41,146,155,137,141,213,253,72,240,59,55
248,71,198,71,134,24,221,38,83,33,136,4,121,134,42,106,168,105,205,46,228,97,35,56,173,8,76,159,132,207,13,26,206,23,235,43,249,121,104,20,109,19,35,172,165,25,147,196,126,36,191,162,29,66,117,233,130,252,132,244,170,153,46,205
9,156,163,201,5,78,214,26,195,187,82,105,101,230,25,150,32,57,118,221,144,53,181,35,242,111,101,150,36,246,236,98,14,69,64,86,1,159,185,210,191,222,34,161,5,100,192,98,54,7,165,17,248,235,30,98,73,41,150,13,40,192,101,75
153,191,175,121,217,180,2,25,61,104,57,175,19,89,193,134,207,10,28,83,226,201,50,125,135,152,111,44,144,98,183,195,215,19,39,52,173,0,106,229,238,137,205,84,99,213,122,72,95,94,12,134,180,207,194,166,57,17,87,42,164,158,184,109
187,152,226,57,94,136,209,86,3,79,71,175,72,71,34,59,72,48,247,174,77,157,220,133,22,109,212,56,254,217,37,236,74,184,75,79,171,37,62,44,24,149,26,201,90,2,166,236,63,64,73,106,52,45,33,82,88,105,131,95,40,32,39,214
179,69,52,233,109,228,39,9,104,18,54,165,164,155,96,43,234,50,106,124,2,21,164,167,168,40,251,147,15,201,137,59,29,124,50,207,36,134,107,107,160,52,220,253,86,234,245,6,103,56,168,152,189,42,215,81,54,130,138,60,235,141,227,134
124,0,224,131,127,100,249,244,140,30,144,215,42,58,237,193,172,169,221,205,238,143,247,61,244,144,74,139,15,128,102,244,84,12,127,28,86,178,8,184,1,210,186,224,144,174,131,171,244,145,101,97,253,129,227,56,159,244,13,138,245,249,147,88
172,69,127,17,160,4,46,92,118,248,34,172,14,92,72,125,80,186,178,235,215,57,34,30,84,219,116,222,18,149,45,75,92,104,132,68,120,86,188,153,168,54,4,254,212,173,195,131,89,140,109,111,136,106,181,184,115,9,41,248,247,47,79,51
173,45,58,115,153,138,127,147,20,81,172,199,244,211,60,18,3,100,7,9,90,118,237,223,154,108,32,174,111,217,204,104,245,170,99,48,223,217,217,156,83,90,196,80,61,19,35,17,69,92,85,199,49,101,112,200,29,178,41,145,88,223,91,163
126,113,110,166,213,72,128,118,7,100,220,109,125,29,62,195,197,129,209,14,95,45,246,15,115,87,38,232,184,14,97,67,13,101,21,61,245,53,216,184,188,253,148,180,50,151,254,143,209,74,205,120,235,245,200,23,198,125,118,222,235,104,47,51
10,72,33,100,191,170,20,33,91,32,128,56,150,202,87,43,214,147,192,204,69,26,72,249,180,248,41,125,50,175,166,127,114,229,254,167,162,252,136,8,3,44,112,77,232,247,84,46,34,61,233,126,34,136,43,96,15,173,120,79,120,130,110,254
8,121,153,211,176,82,171,209,142,156,218,169,77,195,210,14,99,130,178,140,171,56,41,38,64,73,97,136,120,8,142,159,234,116,154,231,13,17,91,49,209,16,7,61,233,222,187,60,55,50,153,238,193,37,225,122,144,161,41,27,59,156,18,149
115,188,25,136,233,98,152,133,23,198,75,242,188,74,154,16,71,164,236,187,254,2,50,174,206,100,119,196,178,176,227,166,183,132,192,94,214,74,175,198,183,36,222,214,0,239,107,212,114,111,130,136,222,213,85,115,11,99,69,232,228,18,37,76
81,126,74,215,181,53,111,156,140,14,136,134,56,93,65,102,207,65,100,93,28,150,238,28,13,48,254,247,116,158,128,45,190,164,171,211,176,178,182,29,204,229,31,147,245,137,118,5,163,117,196,57,183,184,47,67,247,201,38,92,11,123,114,49
1,231,131,229,219,115,104,3,179,136,236,197,70,120,227,147,121,142,84,146,113,243,81,204,73,214,121,169,191,35,113,248,78,69,56,17,40,147,177,96,206,160,116,199,53,192,88,188,65,102,23,55,191,45,39,88,238,205,84,210,179,49,176,52
162,48,227,132,192,94,243,44,140,34,196,106,182,38,4,58,129,240,173,121,109,205,112,13,163,153,24,230,20,253,49,184,14,10,96,94,178,159,80,146,91,171,235,20,150,135,41,155,93,120,184,172,55,113,47,99,70,208,71,188,92,208,247,96
81,12,5,64,70,209,146,185,142,25,198,16,64,92,152,144,26,243,9,21,73,113,171,32,149,110,170,33,128,232,132,42,206,174,249,126,222,108,106,38,78,163,181,69,60,203,94,118,252,135,45,123,148,27,37,232,36,122,30,207,146,224,156,183
19,38,105,174,113,58,209,40,253,73,229,20,154,81,139,55,87,144,109,95,51,74,171,106,95,146,207,98,106,178,199,135,56,108,186,186,167,249,244,204,62,222,205,94,11,245,202,238,141,220,92,190,155,218,201,128,240,47,150,90,55,108,244,190
119,17,25,175,250,169,207,6,168,194,171,159,182,17,2,38,227,18,132,198,244,192,187,89,232,97,46,19,66,33,231,188,80,34,196,7,14,203,93,229,75,97,44,214,243,101,118,212,237,161,253,165,230,13,229,199,221,151,181,94,163,82,226,248
32,127,138,202,161,69,55,50,188,135,98,4,224,190,237,218,113,239,53,175,53,162,243,79,154,70,222,221,186,98,13,32,165,231,217,11,186,154,190,209,164,242,134,175,93,19,227,48,37,214,254,83,193,63,199,105,248,190,117,214,111,6,47,14
217,79,197,39,239,212,201,73,128,248,211,210,207,105,166,103,192,186,163,94,153,231,3,127,168,97,74,177,142,126,245,37,101,215,72,4,180,23,28,173,141,185,39,97,64,53,187,18,229,92,155,55,228,188,129,109,134,36,192,248,153,204,81,3
183,57,215,83,215,28,99,54,15,254,30,113,224,25,96,10,84,250,114,26,29,89,139,133,125,43,129,212,223,51,61,99,58,72,146,0,200,160,189,94,149,142,54,202,0,201,133,68,30,110,38,127,169,253,159,144,193,210,222,200,32,245,35,240
229,201,102,66,23,243,167,67,143,31,231,101,203,149,14,106,76,102,249,180,175,225,89,152,205,172,119,0,51,8,91,48,19,87,150,226,253,217,158,175,231,23,107,164,233,171,114,135,53,229,126,181,108,117,187,241,225,110,72,109,47,15,153,214
15,57,139,196,115,142,166,207,175,252,72,0,83,162,169,96,171,11,48,198,122,19,50,170,116,252,236,108,187,248,253,115,55,170,252,20,240,4,199,229,157,190,203,166,45,46,173,17,83,88,217,63,21,133,193,222,114,69,37,193,197,215,154,99
218,252,76,245,36,67,102,166,67,20,236,48,252,223,140,81,148,16,116,72,154,251,71,229,6,120,22,194,172,72,58,7,118,139,176,209,131,72,95,43,168,19,205,224,242,209,130,217,173,22,80,7,74,73,96,123,159,94,55,115,194,27,182,95
181,167,38,232,84,136,169,224,167,240,131,153,213,132,203,191,216,203,150,209,60,170,205,240,149,85,192,55,154,14,6,219,187,5,11,235,45,154,30,76,106,16,213,193,90,102,79,126,46,212,16,94,51,225,122,192,123,56,239,65,218,158,168,246
20,21,211,67,111,133,224,49,250,198,115,53,142,92,56,81,76,49,252,117,42,248,167,213,35,73,228,154,245,116,65,115,54,186,68,59,163,117,66,148,235,95,168,132,212,100,146,168,183,97,164,90,137,23,87,76,231,177,244,154,215,79,230,210
123,181,23,107,91,36,221,123,105,233,231,17,81,174,84,89,212,76,205,196,162,178,32,80,207,68,11,142,82,191,139,240,15,113,6,126,10,213,192,23,118,168,198,214,20,76,163,4,51,245,123,64,183,90,48,194,154,144,128,224,90,157,174,163
209,254,65,112,21,240,18,140,129,248,71,22,219,55,25,22,168,96,97,90,117,195,198,144,77,54,200,119,19,57,104,107,222,202,47,39,217,98,247,80,237,193,87,122,87,179,99,215,40,121,181,190,69,210,4,205,124,137,116,241,145,51,213,73
145,88,44,221,127,116,201,118,125,247,222,235,7,209,44,178,159,238,26,152,216,4,158,21,82,244,39,145,69,234,5,67,119,214,201,139,254,136,182,74,213,93,11,29,90,205,178,193,67,131,4,122,3,156,168,50,211,163,97,180,73,30,229,139
97,20,93,198,116,24,171,6,74,173,6,64,211,228,240,88,44,124,99,4,218,104,203,115,35,148,14,154,23,4,115,158,158,231,6,150,123,167,212,9,129,96,134,6,245,250,145,2,75,123,148,141,240,128,235,229,15,41,121,34,166,214,26,158
245,237,249,173,224,58,236,8,244,122,74,131,188,67,149,136,245,42,224,126,76,80,105,97,145,208,88,230,126,246,237,152,24,218,39,84,107,36,55,118,160,173,182,53,146,131,164,58,14,76,136,110,68,207,181,171,142,237,129,204,227,16,5,92
145,3,9,19,106,90,8,98,75,6,220,139,106,165,243,131,225,59,103,56,185,159,71,156,42,75,60,167,249,120,55,190,164,96,72,123,123,32,6,190,155,48,214,207,171,149,219,96,234,253,178,190,230,10,207,29,208,246,220,219,217,85,19,163
236,87,22,92,249,4,103,105,16,131,118,206,126,103,179,254,0,81,181,85,84,37,148,51,144,215,237,68,49,58,179,140,229,89,224,7,89,176,38,229,4,157,32,57,246,127,210,86,208,93,114,252,54,101,90,222,239,225,14,227,123,40,219,148
253,190,85,31,116,153,120,34,51,247,169,203,163,191,153,248,226,78,120,46,146,89,90,225,147,252,30,149,134,38,80,73,41,185,169,35,178,62,249,66,182,99,149,145,27,219,186,104,231,202,71,131,4,88,25,188,0,156,235,32,224,21,112,69
86,121,226,221,117,242,12,202,190,211,209,79,124,32,224,7,5,204,6,136,253,53,4,58,72,51,32,219,197,187,221,14,14,242,189,180,228,41,136,172,37,64,116,224,11,103,226,178,94,87,55,110,147,122,53,180,92,18,227,2,169,207,205,43
140,120,167,39,183,229,110,245,122,41,152,241,202,215,66,79,93,106,29,120,208,83,1,89,136,82,222,124,20,106,38,147,149,120,162,93,32,132,212,199,20,236,119,9,155,101,100,155,96,63,171,242,186,216,230,70,159,59,222,22,155,223,125,25
23,107,84,70,110,2,225,171,58,22,72,181,21,134,232,68,70,13,55,107,64,243,76,105,60,241,204,31,0,14,243,161,26,243,232,38,219,55,30,171,144,168,178,62,191,26,117,183,30,197,51,234,93,240,253,113,24,83,130,153,46,30,235,212
218,33,150,53,33,49,229,38,124,159,86,222,136,10,150,161,85,216,141,124,134,184,41,67,45,87,156,170,147,78,41,208,102,226,97,208,202,59,46,106,198,6,23,223,73,177,251,140,61,239,250,85,214,213,247,68,121,191,14,38,121,0,113,16
46,153,75,247,103,201,45,102,121,144,97,153,2,87,204,168,54,24,185,54,80,238,159,141,49,181,187,103,209,183,155,131,248,253,158,122,117,229,212,66,48,29,210,217,62,72,21,187,137,253,133,156,156,144,93,206,212,180,197,36,208,231,4,110
198,96,244,5,14,0,163,63,253,184,65,189,61,2,104,254,157,108,211,175,28,54,66,235,172,23,107,87,31,196,42,223,78,121,196,70,252,68,223,179,215,18,92,5,107,65,137,69,94,51,235,173,100,221,208,183,108,157,210,169,218,42,62,27
241,211,155,242,126,209,92,66,51,132,217,202,187,68,11,33,130,172,17,247,18,188,161,192,208,45,164,234,178,156,195,133,50,26,242,54,102,147,184,6,230,122,204,28,2,0,16,51,222,244,120,148,24,8,39,249,171,245,193,234,178,0,128,193
240,16,254,79,197,131,95,195,250,21,9,187,216,108,237,16,232,77,23,216,33,62,233,251,113,198,50,101,111,69,54,230,23,185,214,173,143,205,172,40,179,241,30,224,228,234,154,158,167,216,184,147,64,165,203,103,156,173,96,214,153,180,207,80
228,98,88,0,144,12,190,45,102,205,188,22,233,55,201,209,139,230,135,97,228,206,20,40,193,233,152,132,44,168,216,177,138,6,222,142,67,213,49,150,147,224,64,165,119,240,84,82,135,42,188,44,60,198,190,76,121,170,210,213,105,101,71,198
94,243,193,221,215,144,101,9,189,154,237,106,174,55,162,69,84,167,114,123,162,8,7,8,134,252,55,250,108,41,202,89,239,71,181,108,166,141,88,34,157,234,28,99,63,97,13,224,176,147,35,237,251,138,137,8,97,252,134,140,71,162,199,220
244,46,150,106,244,201,218,56,21,158,101,169,249,148,132,56,186,219,172,114,92,111,52,211,169,247,237,9,151,161,52,161,204,221,127,166,195,115,193,63,137,175,210,2,54,71,216,138,232,201,202,184,144,231,139,73,17,190,236,153,214,140,66,72
148,170,144,25,138,76,61,60,242,161,54,175,192,147,210,140,198,152,196,145,59,235,36,93,59,122,68,231,250,101,100,135,56,183,246,193,206,46,127,192,200,142,118,107,149,201,93,25,71,71,93,4,157,157,242,93,77,105,86,231,81,220,75,65
161,213,166,106,130,54,230,50,101,54,228,159,31,93,55,238,242,168,91,72,205,145,246,155,32,11,107,243,92,49,208,184,110,128,112,210,215,235,198,251,54,220,173,226,124,158,115,39,92,185,99,239,182,14,230,83,206,224,54,25,53,5,100,73
181,175,44,243,196,249,176,210,167,100,13,47,223,30,142,170,200,96,157,50,162,36,56,80,109,9,190,108,140,93,172,64,152,81,134,183,138,80,12,54,197,2,2,52,209,70,0,238,249,63,75,197,251,13,137,225,99,10,212,65,2,224,150,224
15,196,106,35,187,248,246,186,193,147,74,226,160,35,77,229,239,165,82,240,108,125,192,186,177,230,137,100,88,178,182,235,148,68,67,207,9,152,175,115,216,252,188,72,2,148,32,102,115,251,157,167,219,100,208,101,78,227,52,16,247,92,83,9
22,220,56,20,13,149,158,118,197,246,185,243,209,230,72,24,26,167,66,251,216,209,30,122,123,181,29,160,93,220,179,136,93,210,200,156,190,245,95,181,215,250,138,227,19,65,133,71,237,182,236,101,114,85,241,180,151,75,93,213,244,152,52,179
201,76,124,13,204,159,249,116,171,50,117,77,122,227,50,227,96,231,120,103,56,4,57,113,232,213,94,202,210,14,142,247,56,6,204,109,212,79,18,142,223,4,223,7,250,215,123,164,75,226,117,208,126,64,131,150,239,153,145,137,56,226,155,227
166,221,22,120,44,126,252,155,251,188,203,99,82,52,68,171,63,202,109,83,79,180,144,67,38,97,73,168,249,83,20,0,95,254,19,196,88,96,29,77,236,32,127,118,140,68,111,175,232,81,137,240,150,97,221,35,239,216,87,149,87,189,215,239
25,122,3,94,132,196,9,235,75,83,240,137,204,248,149,193,185,194,183,53,225,157,204,223,95,15,239,228,81,31,122,67,133,89,188,146,30,191,248,9,179,21,97,243,239,139,180,243,117,24,119,110,8,241,45,41,58,177,219,223,207,158,159,247
