28,81,107,146,27,208,38,26,175,251,62,185,235,19,10,107,100,208,124,194,187,11,221,205,129,164,182,142,113,72,199,86,31,150,251,150,85,25,20,89,248,189,35,181,201,212,207,13,95,167,46,84,225,89,181,168,98,72,58,42,163,83,15,157
248,179,210,208,122,206,11,121,189,56,123,19,113,160,185,190,8,39,111,212,57,161,219,3,233,15,38,198,80,232,193,89,39,167,20,238,41,54,71,92,122,45,210,254,74,40,85,226,170,113,253,230,196,122,68,128,84,219,217,27,50,123,70,198
250,195,40,189,137,31,75,163,134,173,89,139,190,103,177,121,114,239,46,67,199,115,81,54,52,148,32,109,151,179,20,135,172,66,84,224,96,13,242,251,3,138,240,0,170,105,229,94,245,222,150,21,33,110,21,82,191,47,159,85,6,140,90,136
155,106,222,18,122,64,26,62,231,157,8,201,77,221,17,75,44,201,137,4,91,220,172,32,96,33,71,219,78,94,125,132,32,78,124,75,107,80,58,117,64,166,204,74,79,216,218,218,75,30,201,98,94,38,208,233,238,154,188,76,178,124,8,59
160,184,50,251,187,59,139,109,252,73,145,113,182,237,149,187,105,211,86,60,122,114,16,174,126,144,3,114,101,135,17,252,93,57,250,26,56,168,197,34,179,71,26,123,94,14,238,86,33,184,58,121,183,49,107,63,125,145,102,224,246,91,172,156
229,130,167,25,139,195,97,116,62,25,220,65,239,184,89,26,5,152,250,245,121,180,83,108,107,135,207,26,194,12,219,251,153,106,28,83,110,254,251,57,54,80,18,236,122,179,245,249,47,3,49,22,199,42,55,21,102,209,118,103,214,245,155,110
31,91,27,105,206,235,52,199,116,115,44,200,0,176,59,10,34,48,192,61,220,189,242,56,23,151,197,105,35,127,87,197,188,1,74,159,228,35,57,135,197,11,3,157,28,123,101,1,4,43,200,248,150,24,185,247,25,69,33,49,94,186,236,144
84,199,106,225,198,98,65,247,179,79,132,222,99,38,158,210,158,170,144,226,175,15,131,2,170,83,238,5,129,176,171,202,35,244,220,207,62,231,98,240,199,234,208,125,162,148,225,36,239,59,172,34,37,19,78,190,230,132,190,132,117,15,14,39
155,181,120,111,231,52,180,77,16,55,38,150,51,188,48,77,8,248,139,92,173,5,114,46,145,139,52,195,50,248,25,10,61,136,196,78,148,98,216,83,242,216,111,253,14,22,47,14,201,251,27,45,10,215,206,194,23,2,253,130,59,66,213,251
91,105,70,112,254,236,161,155,102,224,9,114,205,88,88,63,219,84,168,118,149,211,18,250,157,52,89,28,91,8,209,75,173,51,153,161,0,20,184,54,179,207,22,185,137,67,63,14,172,165,102,224,225,48,220,208,29,120,3,34,116,224,22,242
49,251,184,30,166,68,30,59,32,3,48,3,173,198,32,111,183,108,116,168,177,14,0,148,72,68,105,92,235,81,76,57,114,244,159,23,79,104,79,129,83,188,61,18,247,135,245,141,180,105,130,21,86,25,78,147,201,91,249,182,249,249,77,88
200,161,252,115,239,1,59,176,77,193,96,152,79,88,174,169,66,140,56,10,223,250,38,189,21,19,217,2,119,174,68,40,84,102,175,120,63,78,188,226,214,98,1,82,218,63,39,170,138,187,19,128,134,126,185,116,141,30,208,55,241,233,50,242
134,253,210,207,208,136,9,28,132,89,34,56,180,67,124,69,22,188,143,56,144,175,192,64,119,129,5,179,58,83,67,30,61,68,33,249,157,143,200,209,228,197,17,146,65,254,86,6,174,157,18,203,248,32,208,182,154,87,173,144,223,4,186,180
166,201,114,100,30,136,143,233,86,82,115,115,179,129,4,162,233,96,148,169,77,115,141,107,71,252,182,67,36,97,25,230,55,142,194,95,121,165,230,77,226,162,237,173,230,202,102,234,99,251,152,136,32,0,210,109,55,63,173,126,165,159,85,199
57,130,193,160,24,99,252,102,58,145,18,17,116,35,107,94,211,3,75,195,181,223,186,12,238,36,107,38,46,101,233,166,130,116,179,196,13,69,82,230,175,122,26,242,231,235,218,156,57,67,160,16,186,17,197,31,167,155,26,33,89,53,69,234
234,98,203,72,129,231,91,133,89,102,149,65,233,54,29,162,251,129,143,229,127,46,140,194,173,228,129,149,104,63,237,196,68,167,55,157,138,45,174,48,242,197,126,47,173,129,198,203,204,91,250,218,200,209,121,224,133,222,223,198,84,37,5,89
84,167,26,224,3,102,210,178,1,215,166,99,51,202,181,83,57,45,252,79,100,6,225,173,252,72,239,13,242,0,123,21,38,156,155,210,246,27,152,99,134,8,208,25,140,135,114,130,204,118,180,197,100,87,247,146,123,80,118,125,35,92,182,172
191,114,89,7,220,205,187,105,154,205,32,244,18,203,192,238,252,150,108,47,192,223,253,62,36,209,111,82,74,127,218,250,82,49,65,104,22,19,250,24,9,27,96,172,92,209,3,202,93,41,88,117,194,233,227,126,56,116,181,101,191,86,244,4
96,223,87,202,140,88,65,234,78,97,92,153,93,20,119,92,169,196,59,107,17,167,98,11,137,83,22,130,232,61,10,103,176,214,134,71,209,232,20,233,15,218,222,47,213,0,65,146,249,63,94,207,9,200,248,67,247,2,20,219,197,138,36,20
46,36,37,243,230,228,131,210,174,122,12,70,213,204,235,185,109,199,136,81,11,62,28,221,98,231,210,147,143,144,213,102,4,44,51,196,67,129,151,73,67,157,102,50,169,43,212,159,189,15,155,29,109,17,140,85,206,216,208,26,59,118,239,153
136,82,120,193,232,116,14,146,138,205,219,24,28,54,234,137,209,230,184,219,160,229,40,158,222,34,14,106,48,21,35,214,243,129,155,102,236,63,40,149,103,28,10,106,73,119,202,116,91,176,19,13,163,64,136,12,249,125,76,230,185,34,251,132
159,235,144,19,11,64,181,180,216,129,213,42,0,162,89,53,158,140,69,106,29,30,131,28,99,189,225,185,32,186,69,75,163,87,212,23,203,75,236,234,217,218,236,187,69,1,166,139,17,231,38,93,22,212,26,77,248,239,128,202,155,131,42,139
173,129,217,176,28,159,157,14,16,72,48,224,220,143,250,34,161,63,197,13,126,49,162,134,70,31,128,157,49,64,82,174,151,214,61,192,203,139,69,30,50,73,74,187,8,87,157,185,241,148,123,55,252,52,37,203,162,45,23,226,202,26,29,237
135,42,164,128,21,151,63,228,183,165,167,4,211,245,62,54,235,223,61,61,48,170,213,28,218,181,221,161,65,135,185,236,19,12,225,113,53,226,72,69,105,173,116,191,4,160,233,163,199,230,29,83,23,127,113,70,204,82,209,9,63,211,111,46
160,2,171,234,102,233,52,159,137,206,77,145,236,216,55,178,182,238,222,37,120,246,180,252,12,78,232,241,116,225,163,209,49,167,159,195,238,65,245,245,85,127,55,171,80,9,95,133,58,23,69,218,203,76,163,85,137,81,124,56,151,26,102,212
74,121,13,216,64,161,207,136,6,30,79,169,66,97,76,186,202,91,19,233,161,207,24,52,151,18,174,187,235,122,86,34,141,247,107,133,206,28,53,177,104,53,53,192,1,229,218,122,151,122,23,67,204,120,0,234,5,203,213,33,135,239,44,203
127,249,26,56,45,218,111,104,252,182,148,139,0,91,172,104,138,107,216,109,165,225,89,97,108,150,54,13,178,178,204,253,52,83,65,138,55,246,82,86,212,124,227,187,197,144,201,83,74,131,135,59,204,160,210,251,156,134,69,93,231,12,97,25
110,163,112,127,55,184,145,203,166,7,110,88,116,47,57,154,58,68,192,219,124,33,90,229,241,22,204,80,193,117,177,8,51,40,45,154,4,233,162,148,231,96,218,100,244,238,16,253,76,213,254,122,91,60,158,64,101,180,46,164,57,206,158,196
80,150,20,106,92,123,122,92,157,236,79,200,103,154,201,143,93,77,144,177,207,215,57,63,48,48,145,229,86,64,109,46,41,0,44,46,5,55,178,13,24,40,69,54,96,25,81,226,71,91,122,77,126,144,221,29,212,250,108,115,211,37,185,175
59,49,126,67,29,168,112,207,168,190,127,90,195,25,40,117,31,250,244,29,251,243,153,66,168,129,144,197,0,206,73,137,252,165,173,159,244,200,234,133,205,8,224,145,28,114,158,54,187,238,252,9,212,145,244,2,149,83,150,71,98,24,85,122
233,214,15,109,60,170,238,72,44,190,34,76,166,177,115,57,209,96,241,5,130,149,64,233,27,63,189,96,177,152,85,223,217,59,222,155,2,131,162,19,26,95,170,226,188,138,103,146,154,150,156,52,150,165,119,15,148,65,152,142,15,84,109,252
197,225,65,64,64,110,6,45,160,111,67,52,22,11,152,6,213,59,66,92,31,235,24,102,99,216,92,87,231,170,153,192,50,204,92,165,139,1,214,196,57,129,98,87,208,125,91,245,115,168,72,43,159,198,190,196,163,66,164,25,223,10,163,1
71,180,8,27,133,34,195,206,42,154,81,31,105,236,59,83,99,38,254,170,41,47,236,231,32,166,60,213,27,120,166,247,213,242,227,98,132,92,48,110,185,183,226,60,134,251,127,33,87,105,110,220,27,76,132,150,105,100,17,98,183,35,254,4
234,154,25,113,231,14,251,74,2,8,63,58,73,27,52,167,78,230,171,101,172,51,10,27,119,214,49,61,36,231,94,45,170,149,250,45,118,124,69,32,22,122,172,18,10,107,164,113,139,130,212,72,117,102,88,169,252,122,182,126,106,77,160,156
143,120,130,91,218,147,123,30,121,70,194,136,194,29,53,12,127,142,112,75,139,93,229,182,158,22,25,118,102,186,185,204,116,89,12,167,153,161,18,125,126,213,8,110,130,168,176,169,205,16,233,66,224,128,204,42,172,119,18,11,26,12,140,163
235,89,21,252,71,195,2,224,124,7,120,60,215,30,171,71,175,96,179,146,194,143,163,28,114,252,225,230,155,95,56,198,236,210,240,112,242,210,223,219,126,249,158,73,119,84,183,0,20,194,124,88,216,165,114,69,164,124,231,50,67,156,242,152
94,198,234,50,233,216,32,235,30,108,208,228,124,87,127,192,27,58,59,126,254,92,5,67,197,165,43,7,112,129,85,206,111,25,216,51,61,131,52,200,232,16,160,166,107,178,220,114,119,149,253,81,201,209,66,155,91,198,138,83,35,138,189,180
27,158,22,251,40,161,180,135,68,126,203,60,213,185,6,136,30,100,128,7,13,18,160,197,212,244,127,173,80,134,104,101,9,15,195,223,141,134,75,112,3,92,81,2,244,16,70,164,84,93,146,146,180,241,1,226,183,43,136,143,222,143,237,169
218,5,187,42,93,215,148,54,152,228,130,3,156,172,239,42,232,233,76,88,234,64,123,169,201,165,147,73,214,97,87,43,146,88,214,98,99,156,248,132,157,215,57,2,71,0,33,126,190,234,195,28,4,36,214,88,36,205,180,47,233,232,29,109
18,136,216,106,76,188,70,207,101,21,68,34,245,233,43,137,215,236,189,0,240,217,28,72,36,47,115,88,193,152,87,174,79,117,170,79,9,83,138,108,57,195,186,211,3,251,80,157,5,33,147,135,27,83,138,99,98,124,29,10,74,194,96,146
209,131,171,181,12,57,112,180,3,135,18,91,72,217,83,18,201,212,182,52,72,134,40,95,25,90,252,192,193,75,212,6,140,114,182,53,118,127,16,78,31,75,135,221,193,204,1,134,84,183,123,27,62,97,32,164,120,99,57,123,68,222,242,154
242,4,188,249,212,158,101,5,16,4,34,95,237,8,139,4,108,124,53,10,101,51,197,124,130,152,238,101,190,248,37,37,37,205,7,117,9,111,47,163,25,59,183,24,190,172,160,38,196,5,159,109,138,209,114,140,6,60,240,174,85,175,252,165
83,100,181,56,199,205,100,220,163,243,166,224,124,103,124,164,172,245,28,10,6,135,50,140,169,82,141,85,194,144,45,35,125,249,129,169,133,22,191,105,195,78,167,103,153,58,33,125,156,22,102,209,98,19,0,173,173,176,81,119,22,53,182,126
88,246,148,41,133,49,94,253,180,128,212,234,144,0,211,142,68,41,79,20,90,242,218,185,219,117,78,30,29,12,120,135,188,50,125,85,143,10,22,137,158,138,50,211,229,19,40,138,119,83,212,144,4,246,153,168,254,166,57,0,188,181,248,30
217,235,26,202,11,34,110,188,204,218,253,2,99,27,202,124,25,190,75,216,144,83,216,73,152,145,2,240,2,201,16,129,173,24,11,47,73,44,36,25,239,8,151,159,159,188,191,26,11,190,182,29,161,216,196,169,21,94,248,48,209,167,199,166
186,199,235,137,49,216,199,211,93,165,95,159,150,39,27,95,244,23,54,82,18,253,24,85,25,92,183,39,113,56,251,214,180,124,251,145,101,150,160,212,11,56,175,208,126,202,153,228,170,86,192,185,22,86,205,102,104,208,166,26,118,208,99,64
41,16,77,230,61,195,35,66,151,7,80,51,140,18,86,181,217,115,220,194,129,245,13,115,219,128,208,39,175,72,182,101,41,196,198,245,86,252,88,164,152,119,133,145,149,34,40,113,178,32,129,17,184,90,28,6,97,7,126,129,251,5,194,57
59,127,82,159,74,193,151,202,172,152,243,247,182,245,84,199,215,122,95,8,98,235,177,57,124,32,247,200,134,58,130,141,76,25,226,174,188,233,80,170,181,119,116,140,184,217,198,17,105,76,130,218,109,145,92,144,172,107,173,79,105,28,46,209
182,182,225,215,17,79,224,180,191,198,5,222,197,36,43,14,131,242,3,118,218,226,206,14,235,27,139,99,148,188,13,24,180,160,223,149,65,54,242,226,38,168,76,176,136,154,206,2,15,74,180,49,207,22,253,141,200,151,149,14,205,54,143,220
157,126,45,244,103,21,194,33,42,181,1,127,68,110,181,132,184,160,48,227,30,205,140,218,9,37,6,209,127,43,158,132,213,123,248,134,7,71,198,140,140,93,72,143,0,223,165,155,95,191,145,161,161,243,210,223,236,245,102,185,14,45,129,244
107,206,249,180,5,50,208,119,93,145,218,233,11,29,24,206,53,132,81,45,219,251,252,115,113,48,141,53,78,232,126,206,237,171,139,142,75,70,76,73,42,154,245,185,248,38,194,89,9,72,190,108,125,247,211,246,171,185,253,71,115,37,7,10
143,131,94,186,75,18,72,191,244,9,119,39,163,165,119,144,198,79,227,116,60,134,55,171,134,192,249,247,60,104,250,158,237,41,247,158,19,161,143,93,191,60,171,179,60,19,47,164,128,196,201,188,201,105,28,136,253,58,181,216,60,147,78,35
107,188,223,240,142,26,193,242,55,2,184,182,222,250,96,215,132,193,110,30,56,146,68,129,85,183,64,185,5,55,191,120,190,121,128,137,127,214,6,53,243,235,25,11,95,193,12,49,121,222,16,10,5,95,219,173,146,74,81,3,36,101,65,220
2,49,230,30,78,138,119,108,55,157,196,101,202,99,195,248,94,71,1,132,250,148,85,114,215,124,136,136,8,156,81,186,219,117,196,183,38,169,12,55,115,159,49,156,142,106,80,117,5,28,11,196,175,53,138,211,95,164,4,250,79,183,187,11
132,133,206,186,220,120,21,50,244,177,183,241,233,20,31,185,201,25,74,103,157,217,189,245,204,46,166,126,91,32,202,31,197,92,168,156,185,91,63,126,181,78,49,201,212,50,28,151,106,0,104,24,35,89,227,227,238,151,107,56,14,49,229,121
154,41,3,155,0,123,20,50,25,4,164,134,171,150,72,117,183,226,191,104,217,165,238,67,202,168,110,197,16,167,25,227,190,218,64,158,66,3,129,169,49,71,34,218,137,244,16,42,124,71,221,150,48,7,239,183,165,26,73,251,26,67,64,50
96,61,136,220,183,252,59,222,189,135,76,34,245,230,223,240,58,73,231,105,48,114,167,155,201,235,25,190,177,252,64,106,242,210,86,164,25,112,40,163,24,242,223,212,157,222,164,59,37,20,127,173,78,203,181,105,80,97,203,215,181,198,149,12
138,123,5,0,188,21,126,11,36,107,51,34,254,59,165,81,57,29,73,62,63,74,190,75,134,254,67,157,145,228,192,99,93,158,24,247,238,222,17,84,71,139,28,35,18,71,118,168,212,230,124,14,82,166,137,241,68,145,192,107,101,135,117,66
200,171,167,155,21,24,136,169,203,137,123,174,253,80,211,174,186,116,111,125,73,19,235,245,42,129,36,228,65,194,210,137,242,122,178,171,191,22,252,149,52,253,153,212,244,196,48,226,29,108,88,1,15,97,187,176,12,81,114,61,150,217,151,66
168,29,149,112,151,246,72,77,246,121,44,197,183,173,19,101,79,111,182,234,165,169,197,82,121,237,236,73,14,106,243,163,38,118,219,90,206,12,110,92,187,168,172,112,182,61,130,2,192,121,47,224,142,68,14,148,73,45,189,231,167,231,143,66
44,53,24,224,52,17,86,46,128,43,163,221,66,52,167,123,83,120,49,79,159,47,4,173,41,208,230,218,129,80,24,102,95,5,190,90,27,176,199,98,173,29,96,12,99,56,206,235,174,22,124,160,100,196,124,118,195,252,11,215,53,122,18,206
42,68,194,134,137,193,86,207,111,27,15,164,29,181,235,9,142,96,181,142,180,54,74,140,90,214,216,64,105,176,243,99,197,85,100,230,22,170,140,139,58,80,157,146,136,6,241,10,106,114,84,244,140,68,139,135,216,183,134,31,186,235,166,54
9,163,100,128,250,221,117,16,137,194,12,61,102,129,182,38,51,17,189,222,171,229,240,248,136,151,237,218,141,52,150,30,222,9,142,142,244,113,82,43,70,170,215,251,217,101,116,71,196,166,235,147,39,138,237,179,143,241,32,174,7,17,87,31
93,219,55,97,144,99,246,115,49,92,102,49,164,7,119,116,232,22,140,80,150,5,6,100,31,146,18,184,144,83,3,18,211,121,128,137,57,56,112,113,103,154,38,163,250,226,19,172,145,118,153,1,119,173,227,139,249,210,39,32,36,59,151,146
