1017530,1075313,1022085,1066691,1032931,1160402,820519,1119481,1089154,1060257,898625,1034502,1170566,937216,931475,1077221,1125034,1115146,998771,912196,1107777,1155867,996512,925565,1058879,1090954,1034112,1038212,899630,1080163,1055667,1122973,998968,998907,1186858,1153165,921402,888999,969572,1020545,1056306,1034514,978157,1088898,1063612,1012818,1157578,974819,1022901,941491,1037023,895122,1081742,945869,1131099,1215647,1179678,1047350,1113653,884276,1040321,916662,1009923,942230
1205514,1228732,1074009,1296779,1011465,1127850,1037439,1118398,1019139,1044913,886021,983343,1286240,1054429,1067301,1026332,1187626,1201191,1134438,993262,1043547,1242555,1116656,1084090,1108946,1111968,1178748,1179346,1032941,1125180,1098053,1087731,1066764,1116438,1225222,1236151,1057429,970453,1166466,1141674,1004745,1120571,1047950,1181983,1211212,1119518,1118501,1199260,1173289,1116604,1096180,902593,1041199,996321,1289930,1152541,1253951,1072069,1202865,1039220,1166260,1047466,1159850,1174406
955664,1068426,910977,983186,868578,997439,866798,1035246,909688,907918,833362,843944,1041602,812095,804414,837517,997501,1038968,986928,835387,1005175,1027368,876271,890361,960255,988802,1003818,954821,857444,878086,919709,930851,972118,854727,1168146,974681,792251,939879,943400,889497,1045226,1021785,915217,974158,1016651,951244,969329,880678,934402,968522,1022169,790064,930425,900032,1134389,1073622,1103195,960620,976445,753571,960405,874692,913471,957265
1148244,1208142,1124211,1181862,991860,1187532,1008978,1214779,1051657,1056650,945942,1129514,1272322,996823,1050881,1041213,1149406,1070239,1141103,910744,1126832,1247493,1143056,1125046,1058971,1120776,1211653,1108834,998157,1139136,1126837,1175086,1175274,1064455,1223614,1228368,955033,1003994,1139727,1067493,1043784,1014557,1085289,1278357,1191648,1092550,1106205,1174429,1041169,974583,1181559,1046098,1115427,1024101,1294397,1266700,1240142,1168247,1075081,956624,1094791,1069372,1185826,1078609
1075253,1101110,887165,1040652,925158,994797,916002,891311,873294,863616,764148,823925,1132964,885674,940203,833307,892450,976327,1032444,852301,1007535,905692,1001131,894524,973903,993027,937676,1028351,857363,998182,977804,939332,928945,876968,1013822,1054391,800590,930276,904378,829644,884741,1022598,889539,980100,1019729,979285,996385,930106,956470,928353,1035336,729869,1038616,894622,1079379,1078519,1058154,973175,1020094,841317,966645,853455,1045114,1014831
920140,956504,899200,1001694,937870,1046834,785600,956935,859212,893332,772846,893169,1086139,869189,845670,852548,927348,1040773,976288,735470,1002430,1050266,950909,912659,910954,932451,929041,957213,812920,954318,863549,956088,939992,888306,1025084,1021213,881659,698837,900711,952664,862387,904245,843363,994400,990279,954280,952023,860310,941404,811474,1005107,849045,926809,816283,1035560,1011461,1052758,890128,907080,775537,897860,831530,977724,943986
1036617,1117482,1092409,1165650,958832,1142570,987146,1100643,1012957,959406,820078,994234,1188241,926912,954025,1027320,1117712,1026291,1071857,954019,1096253,1156023,1041114,964843,1103372,1033752,1143463,1051275,871857,1061101,1096527,1030161,1091304,988267,1262794,1191251,889715,979811,1034326,1042242,990836,1039732,1045669,1204505,1104061,1061251,1080916,1017520,1015973,990328,1068894,856172,1074967,918150,1139536,1143807,1204476,1048500,1137236,931042,1043806,958734,1075582,1040065
1102585,1056428,1019295,1094401,1031026,1045349,758959,1021738,942014,842225,756585,923511,1149961,944760,975718,893256,1054093,1076814,1043702,828325,1019905,1108111,999569,953795,949551,985313,1048118,1014472,943290,1014218,1017144,985742,974408,1004785,1061374,1136376,905359,925856,1069542,1068880,925500,1061305,935087,1034040,1016875,962440,938450,992818,1053117,924760,1003082,862720,911740,828750,1155519,1087386,1112616,921461,1061368,826400,1001647,954896,1047462,972427
1071195,1166944,943460,1114809,977799,1000051,917674,1064245,998389,996672,812696,953228,1062232,928499,972455,903603,1053707,1137435,992237,891531,1117373,1094006,975946,952743,952409,972350,1113877,1059757,970493,1054368,961160,967181,1009683,916155,1141160,1064489,760601,889907,1041292,1011719,1009611,1030920,1010818,1054038,1070585,1074112,1109301,964500,967614,968802,1021813,857968,985015,949069,1170891,1141553,1216037,1085631,1063105,839307,995876,958763,1043841,1070020
1056179,1088532,936851,1138043,994520,1131559,877722,1053601,1007743,976711,803414,904070,1180936,948922,976246,975826,1172418,1102373,1018446,856564,1024121,1091902,943866,989801,998067,1060160,982179,1004611,951075,1035215,985286,1047022,1023047,961644,1224363,1145987,870141,872531,1094530,999984,948688,1076773,946465,1116878,1054193,902729,998242,1002264,989560,983191,996486,844368,1010426,918439,1109175,1056950,1128470,964323,1062700,826106,1021014,932578,1074900,1056621
1168224,1181857,1068012,1215730,1041886,1194509,975991,1260485,1075446,1035283,990227,1071074,1246211,1112504,1049249,1050668,1261414,1246738,1219258,944645,1149774,1129625,1104186,1069681,1123054,1205932,1281269,1132581,1018764,1113061,1145528,1123303,1124379,1097667,1348476,1181850,1064808,1011197,1094569,1078120,1161330,1143478,1084648,1173333,1179107,1035056,1077725,1034118,1139879,1108366,1118591,976294,1012415,1051104,1215931,1246404,1264111,1013589,1201027,1014248,1132496,1095955,1152705,1103152
905041,1019217,841990,1026482,855759,979009,794421,1031797,952449,938218,891221,939763,1079405,843880,839231,902729,935666,991496,1026176,841127,1054828,984073,1064370,919277,991216,1005330,939465,1018910,772854,949074,904194,1012269,1006505,855682,1081145,1046161,926695,824538,871673,965754,995048,914681,899349,982973,1058869,929394,984944,842992,926260,915239,1062710,853637,936653,891863,1140605,1025223,1094819,894419,925173,858631,945342,831530,1006880,899593
944491,933772,972580,1031031,835056,1045448,833238,1021930,803448,828121,724096,854726,1090170,907451,839573,853553,988521,1020617,1019084,670413,989240,1061847,882990,919215,874442,902127,1012890,945257,802343,956329,890275,940265,955042,870297,997419,1065717,829692,859376,930394,885666,840269,958660,900519,998455,981684,870526,857745,894106,908415,870264,984244,788902,876161,798658,1093695,1001052,971446,848822,944788,738590,894110,901703,931709,986475
1012726,1059912,1003499,1077933,852798,1013477,871760,1072302,918701,985911,868499,869066,1094831,962959,935900,908049,1103752,1018137,999624,865845,1015959,1134243,867093,984950,971499,921216,1073695,1000277,899164,915428,985687,1019581,1039910,924840,1187358,1037143,810392,821491,989139,964048,979759,906716,937987,1115612,1044587,1002703,1013591,1000215,916473,936001,982013,837895,920773,838032,1105581,1009244,1123006,1046079,922214,824620,898418,914335,1002723,1022812
888862,984806,746942,928505,792022,901054,735515,941701,863487,826179,760093,840553,959747,724821,867399,802874,876004,882238,889248,723246,914983,971182,835861,739078,838905,875331,869407,869062,773564,865159,803522,892684,860100,798429,932315,933633,792345,780207,824818,876772,841196,835265,834720,887958,927915,819770,927550,840907,887913,843217,925946,688031,886886,845475,980280,918832,1033473,822373,881000,704609,921746,756648,862639,857483
991843,1071205,992797,1106702,815576,1018667,875683,1046046,966953,930586,844628,952639,1138053,865539,881570,889731,991015,1018662,1073116,758153,986386,1131759,981607,998930,976102,998833,1118136,978015,899265,904758,1018123,970759,999910,897955,1158262,1099267,909077,974536,998159,925646,974931,959014,970300,1091324,1086306,929377,959112,1008743,969925,922085,1052682,805145,933026,873712,1182177,1068810,1161279,974245,977329,770776,956078,894222,995514,973097
1117982,1256413,1167437,1354445,1139005,1204015,1047404,1282370,1110065,1118063,979298,1201673,1312543,1040351,1112812,1098058,1239988,1205921,1134874,947767,1202099,1312134,1171606,1137189,1166826,1151416,1274684,1138573,1058837,1159803,1144998,1212606,1179526,1125875,1301434,1347476,1084088,1030985,1116199,1241077,1144208,1131660,1055320,1189221,1263106,1113286,1270389,1115164,1181202,1013816,1190939,1011808,1129734,1080944,1359226,1308670,1396279,1138546,1169611,993674,1152684,1025647,1188686,1199389
943059,978750,865026,1121249,887382,1013129,856398,1059193,950019,919880,842063,937558,1048987,814441,881348,977369,1045063,1033398,952307,866870,1034360,1101241,884976,979203,996717,939207,1000477,926242,821487,878800,957378,963649,980410,843071,1137579,991190,796225,815642,910333,932172,1008724,918856,874838,1017930,1043881,922214,928716,881862,949865,906995,1010799,825193,909165,894976,1125795,1018776,1039858,941169,932573,812631,932602,927223,965995,979121
968732,1035137,953043,968857,897523,1009938,851423,1001296,879975,901595,803322,873171,1132661,942337,844736,860076,1004743,1031809,1046942,783608,1068639,996307,952776,956208,931389,1004363,1043585,979533,797712,985741,917275,1022001,987439,899316,1158678,1044604,818053,891419,983041,923435,987622,928237,876623,1028563,966171,975017,975204,931532,955597,997053,1005455,841566,983797,795870,1053612,1057039,1120829,932805,972498,852645,993911,914677,975349,995149
1060347,1108961,1164888,1211224,975112,1114261,913316,1104581,994947,959887,893566,1101825,1241312,960215,996319,1054137,1107812,1066904,1025045,868581,1149844,1150990,985156,1023273,1088810,986881,1144120,999383,1006539,978879,1027466,1003857,1052674,1010439,1222375,1125015,866496,963405,971787,1026469,1012989,1031052,998705,1047394,1152916,999441,1045225,1034932,1030092,899815,1117370,944803,1025598,941727,1172739,1177066,1165016,1061200,1059089,985233,1077579,1034285,1050195,1063380
995383,1077920,851404,1067986,847152,994247,965252,1039549,843999,885645,886798,828763,1091285,851379,857318,910689,999641,984533,971806,807950,960754,1005079,946336,916262,974854,1016671,977867,990428,856682,985356,920466,1041362,986600,887807,1111256,1046810,891656,925735,965887,902137,873481,914735,920303,993713,1018978,940923,1033679,1017186,977643,927065,1042918,800661,976661,913902,1131402,1011487,1095467,978966,1062307,773247,943474,905016,1020247,954058
1036514,1137859,878510,1107360,926507,903628,863777,1092077,924015,863031,787941,849094,1022611,898747,893777,911292,1079237,956041,1045380,867209,984159,1084394,907518,888514,917580,949490,976132,977287,852491,943032,989000,1032161,1053219,936828,1119546,1035805,806572,913454,910112,973539,951364,985156,925535,1023947,1077344,975905,975716,939912,919658,942819,1026261,767455,886864,816326,1175986,1030410,1135964,910972,1033568,780678,983520,912988,1021678,949224
1112381,1201827,1124709,1225755,1086073,1203633,994898,1265611,1097109,1121140,978750,1121063,1258967,1060862,1025777,1110560,1218394,1212377,1132476,894295,1181712,1392738,1026219,1089001,1104542,1026707,1183475,1086335,980541,1049991,1146405,1231330,1122951,1000156,1372081,1200017,949926,1047766,1091940,1110584,1139937,1083569,987749,1189258,1173524,1108702,1090208,1126393,1101285,1028822,1149979,1033182,1118427,955403,1318522,1152272,1309518,1131075,1053511,921425,1101939,1032259,1150791,1173290
1072743,1143281,977159,1108060,887261,1013662,959435,1076188,917090,929423,856634,909536,1102466,920344,969934,914395,917449,1007320,1067863,845752,1055353,996408,1060478,933938,1050231,1024878,1010815,1003986,885491,1077617,957408,1006379,1038791,977165,1112314,1062319,862139,983782,883931,945190,987467,1012365,1062275,1016512,1083957,999239,1064560,917414,948539,1004346,1151974,811596,983450,970336,1180308,1142757,1096868,991212,1081560,894332,1033993,943359,1073085,996758
1109287,1158496,1020724,1113571,979317,1087229,968513,1096337,1010808,991503,841212,921651,1143784,1099562,987717,964763,1113903,1046059,1024263,881998,988837,1189515,995609,974353,1044127,1052861,1110786,1084420,977385,1028554,1064058,1017823,972282,943489,1168953,1088696,899245,901636,1042010,1018489,999450,1052963,983679,1104877,1115685,1029738,1075377,1115924,1051904,1037397,1061586,905690,936666,982420,1168820,1136899,1152575,1086698,1135396,908946,1081757,1069981,1037590,1085830
977712,1081451,964542,1077155,963344,1085045,858714,1052872,968993,954516,815243,974447,1078725,940470,909273,904953,973998,1082294,997894,805894,1071285,1082886,1014215,939061,951822,1027803,1086051,1050569,922049,1043521,932314,981654,1026144,911080,1099188,1099142,960510,858779,1045031,1021230,968081,925424,991312,1039541,1039609,958073,1042547,913702,978691,980839,1050093,914641,1012547,939077,1122832,1119733,1095012,981022,1062689,905791,967025,945025,1031827,982934
979179,1013376,915637,970815,908530,1053200,935617,979170,842429,859501,781103,968002,1066335,879121,819657,826951,1031576,998446,1035350,849389,1073915,1024502,977636,861043,908752,1001494,1038391,959219,801747,968308,971332,1053921,1020895,944795,1116621,1013399,845997,884964,979046,934415,939514,909204,878853,1043652,966858,1008385,1045568,856157,958180,856648,1070210,804562,1007166,850664,1099195,1037541,1100734,986957,968787,828423,933565,800656,991230,967420
1090629,1198881,1109537,1239432,1058440,1262836,1051930,1148248,1044102,1041366,910603,1059658,1311539,1083243,1018142,1039409,1235607,1135318,1155169,870320,1187064,1272044,1101791,1079863,1120367,1110650,1165492,1177176,1042237,1118491,1070213,1124368,1208342,1044485,1343438,1244641,979574,1054179,1111823,1118007,1043849,1151807,1075917,1237448,1177710,1141206,1104867,1049271,1093541,1011612,1221775,961156,1084454,1045512,1324730,1259156,1261219,1099104,1153486,971447,1055590,1010098,1194592,1129074
1108659,1270619,1061634,1333866,1047712,1105810,1040236,1147768,1091387,1100095,987964,1055695,1307854,1108837,1037121,1007091,1160754,1190904,1191175,851046,1122898,1271507,1160300,1205690,1079408,1060126,1129062,1224539,994934,1075720,1035312,1118110,1225398,992511,1278180,1212831,1051344,928040,1082484,1070565,1052413,1145080,940642,1254204,1206506,1085726,1127835,1040270,1030671,1017710,1130014,947464,1072392,1056009,1398082,1270035,1323650,1081308,1116724,946479,1136313,993545,1152064,1189633
1165300,1177617,1121698,1215694,1061637,1163981,1048709,1099421,1051203,1015357,912886,1047138,1282493,1060559,1000510,1106064,1131004,1172341,1168522,920641,1138876,1192721,1174408,1075866,1140029,1127474,1060827,1116461,928579,1143953,1150629,1130847,1041689,1039119,1185671,1194961,919135,985292,1065374,1018096,1116324,1144109,1099814,1160388,1136886,1121108,1101784,1113298,1085361,1011675,1222157,930079,1084935,1049033,1277465,1256306,1209334,1113562,1152932,998118,1098849,956275,1163287,1142126
1113839,1188522,1109063,1221913,1053786,1128081,1003714,1177786,1019166,1033089,870478,1050393,1230515,1047740,962269,1032323,1107752,1203130,1146118,966358,1236693,1208309,1050429,1066968,1069382,1071186,1168584,1012271,940191,1092201,1083160,1101278,1126868,985100,1298006,1143876,885787,933568,1131540,1069588,1091081,1099798,1010426,1191467,1173589,1080757,1144229,979428,1011510,1025940,1049080,957036,1087424,936011,1275613,1125629,1190337,1038729,1089936,967730,1106826,1087731,1129544,1170495
979295,1044663,980718,1042729,948965,1062442,890269,1019890,961135,969689,791484,979199,1182313,911840,975535,947178,1060969,952571,978777,774022,1044948,1065854,963221,988303,965191,1012688,956131,958183,835316,952264,1050106,982872,1006342,824133,1102031,1121085,764003,860346,950076,962779,916640,992951,847042,1057014,1070738,978137,882230,954900,957719,937217,978131,880313,958778,889850,1171740,1092938,1076313,963403,902820,828422,995544,985184,1050906,939860
1133246,1223300,1056655,1243127,1004307,1188655,895357,1191566,1008104,1022240,1004194,963169,1271604,1042915,989036,1048531,1159186,1170823,1121063,977446,1103623,1196306,1102828,1012731,1079817,1125587,1110651,1193394,989319,1044944,1039063,1125175,1156782,1027428,1261762,1144884,1017276,967192,1014423,1108223,1060140,1121886,994216,1258792,1152311,1105298,1104999,1049439,1030715,1029813,1132609,935801,1054780,1054305,1224969,1220335,1264107,1089568,1162607,946180,1054105,1062952,1136105,1103035
1051652,1098481,1026784,1158154,1044261,1226171,979889,1128755,1009424,1027378,890906,1061924,1184288,980842,977220,978017,1142812,1163882,1170551,929014,1255649,1249303,1015450,1034174,1141184,1034492,1178374,998888,1000308,1105742,1070267,1126786,1096898,1003425,1216062,1178882,884207,964335,1063235,1023884,1061354,1040328,1070660,1216912,1118726,1064026,1168149,1015345,1116996,953025,1227694,900343,1062389,924621,1274904,1177555,1217052,1132730,1078082,891633,964600,986669,1098655,1101888
995500,1152788,990528,1089849,856567,1035932,845816,1114393,1002585,961564,913732,915634,1103649,885576,870082,922705,996769,1029856,978915,925678,1004983,1058493,1069928,837632,1082802,954387,1061120,1066446,852477,934747,922014,945261,975442,925220,1160281,1037343,923003,904322,904128,1014403,1051478,1030824,1003687,1086728,1086506,1064968,1091634,957898,973729,959684,1102247,864896,906304,862687,1132903,1056272,1183453,1057107,1054445,832702,978990,927301,989922,1028404
1078951,1229342,1046073,1220614,1013203,1191117,965828,1215409,1090620,1117177,915024,1072805,1229409,1069744,1109774,1049088,1228676,1096862,1154348,991913,1100607,1197365,1167815,1081203,1088821,1148358,1185837,1203270,966772,1023768,1151837,1166843,1092077,1052134,1285546,1260844,975674,937064,1159876,1102666,1141373,1178882,1019464,1255812,1222078,1135878,1128239,1120721,1079013,1007979,1102409,1053347,1096339,996508,1344922,1321559,1318518,1153351,1079838,953741,1112651,1005520,1138364,1092648
1084023,1250237,979455,1180192,984570,1080345,1014555,1187657,1043952,1029391,903712,1029301,1178461,999189,1008362,956736,1083609,1137734,1099012,889084,1094075,1148460,1035159,966211,1027353,1117543,1082030,1147360,963468,1090942,992644,1007907,1136555,922237,1204984,1105930,963008,981748,1072042,1024474,1030071,1115449,1093067,1181585,1146707,1036037,1084905,1012698,1045844,1067489,1127555,880604,953850,1061520,1250730,1206453,1219096,1070651,1070349,938636,1052647,1017344,1110412,1090824
992673,1048164,921917,1152568,946623,1107036,898100,1077505,940096,963912,789489,896697,1120442,941086,942683,924769,1082292,1049056,1078824,883404,972221,1084127,1016813,1026670,1037267,1077190,1092156,1036928,918227,980182,995378,964165,1037807,1010873,1175677,1132402,943631,834462,1028417,1002943,968990,1042252,961697,1035561,1117809,901842,948095,960247,1030962,983073,1076204,927273,941071,916498,1204900,1126941,1159790,991887,1039733,907049,985884,964698,1049509,1007788
1084894,1109093,1018850,1089267,928126,1127885,934234,1040362,946956,987221,893838,927818,1153758,1001196,974893,925798,1031770,1058597,1117198,915733,1047730,1087991,1069128,980041,1063696,1056638,1118602,1043165,899016,1005429,1089336,1056652,1047069,965041,1219478,1119731,886429,953845,966577,964636,1013598,1047809,1054090,1172324,1070662,1054208,1043321,951509,1054348,1008137,1093218,957181,1002350,935131,1128998,1190815,1111200,1042263,1039409,959171,1004107,984008,1007618,990354
1056256,1060597,1001346,1107081,1094163,1189095,940778,1096508,947914,1021380,835926,982131,1201823,981404,935001,1025697,1116293,1037520,1135117,966777,1168256,1156371,1001712,1050718,1053510,1042892,1134561,1048708,943607,983139,1076793,1047788,1072319,982480,1252676,1110571,987237,937305,997885,994840,1049800,1000985,958296,1115939,1087365,1105487,1092223,1031917,1064528,1002563,1167394,891660,1095272,919244,1213705,1177446,1087834,1053120,1111238,916925,1050035,1036082,1092177,1087575
1022153,1034727,929084,1095948,813690,926887,908400,990115,836969,875949,806620,877201,1011409,811262,850606,863594,1092753,974573,932337,819422,986055,1029285,911146,895792,942853,983161,938628,980610,734365,881706,906686,980872,1069545,876026,1139534,1028701,803408,819383,925775,925574,957822,896593,846039,1006335,989161,1004049,918136,917659,873086,962455,970323,799955,921307,797881,1138905,1092896,1070533,924739,935895,809064,936077,888443,983468,1004967
1155031,1159862,1001086,1257115,993088,1134227,961340,1109200,1018971,1040183,888934,1030231,1245201,967326,976720,1056729,1067215,1177620,1127365,911008,1174219,1184295,1064607,1011275,1117219,1080463,1131676,1149647,988049,1154968,1026038,1053460,1081153,1055067,1234648,1226389,986167,935275,1078156,1061763,1108932,1017836,1070099,1164522,1118543,1065207,1097768,1067875,1122998,1064628,1150015,964799,1103511,997341,1260790,1210060,1166361,1026963,1147695,995927,997987,1031748,1107824,1185606
1032838,1199290,1031450,1182535,875701,958148,977933,1168452,1019434,998927,915438,980599,1191488,898216,954918,1024776,1155265,1041853,1048266,963388,1030189,1151907,1012557,1013050,1051752,1041837,1087645,1065614,937739,977747,1067769,1022493,1102619,1035341,1279782,1097926,906720,919377,1030811,1042634,1090851,1057015,992401,1105863,1158087,1087317,1066243,1066258,966236,1015838,1059743,824162,961965,990610,1233009,1111401,1258661,1068932,1074900,891657,1050053,942481,1106411,1059212
1009400,1117139,930701,1172576,949987,1106167,921625,1006979,1008787,960215,823638,902451,1227745,899116,887924,979282,1106377,1021549,1081772,932883,1090457,1165702,1054268,1032435,1039663,1046672,1022253,1069221,906510,1071787,1021600,1124757,1031524,1006159,1166884,1141613,842335,899303,898920,991008,1037300,1047251,947396,1136195,1129876,1076146,1096296,936631,1002825,919725,1114959,939314,1114191,956656,1205106,1172411,1124195,965891,1032471,942441,1085516,879208,966423,999258
1100773,1092213,1019822,1146160,898341,1083352,958375,1060642,904823,1019039,863228,955398,1193944,887928,924064,941187,1175918,1091713,991994,960032,1091750,1133195,1005787,1031064,1076486,958794,1120210,1008980,977877,945537,1047873,999806,1015457,974127,1241246,1131584,890229,867621,1089313,1036609,1035636,1005222,877067,1124590,1070150,1059721,1059399,1094784,1069057,1012705,1116953,921378,1052525,882779,1199529,1122127,1114758,1082651,1035780,865634,1012825,1016120,964188,1146523
1005943,1075059,992896,1073465,1028759,1059889,888943,1078800,968911,900718,843969,962927,1150457,921143,981836,990576,1052150,1111273,1079362,896545,1173925,1149700,909084,957407,1042217,935507,1024337,975524,873466,974066,1009867,1041656,1085043,865390,1187783,1083702,776543,947172,1070059,1002062,948443,1023980,932680,1118564,1059970,1023164,1071626,982927,979264,921803,1111866,765939,977016,851648,1163381,962727,1196092,1055769,1009611,826599,944341,928916,1036776,1054431
1066400,1119579,1062866,1190473,1002830,1058187,873437,1123731,1054376,941165,957466,933616,1196805,963883,990217,1024107,1080943,1129982,1066261,903822,1120864,1106685,1026352,1046749,1032086,1063066,1113724,1019618,920677,1098206,1032246,1099329,1066760,973569,1190042,1163247,860464,1008062,1073029,1041802,1075413,1067513,994181,1086941,1137619,1033354,1098239,970361,954760,959378,1024980,875132,993158,877987,1209832,1132793,1141078,1005721,1119106,875261,1065191,975222,1064848,1006281
954960,1071872,879552,1030399,901402,943940,893815,972279,883589,868310,832888,868421,1002341,825936,862459,906629,1056040,906035,906032,819667,998863,1048958,895991,878336,928962,900824,1014409,950390,817363,985260,923602,965830,1007032,847555,1136054,1010583,820233,816215,821183,928025,993558,908319,901770,1097192,1017407,974405,961148,908728,894345,876143,1019518,769190,922345,872589,1013121,1100897,1096874,953629,932853,812792,778843,832067,961673,995693
981493,1120552,949726,1074077,955744,998151,887426,1058934,916669,977735,857587,982491,1035933,816981,904558,999107,1046456,985791,972103,861203,1084247,1215177,966447,945653,984555,998052,1026395,965849,857380,929628,1051073,1011449,1064504,890420,1182730,1071148,881694,888121,911393,998320,1032291,1002270,890564,1060748,1058208,985526,970173,951635,912165,962099,1030332,834579,978985,1013030,1204800,1149796,1162248,1012457,986890,814494,951619,872052,1058462,985788
1138890,1220257,1037710,1140406,957506,1065453,1080827,1209677,1030621,1043472,999128,1046445,1221807,1047402,1047645,1042408,1160019,1144817,1112259,936872,1100138,1182758,1085150,1042385,1123940,1103888,1080529,1177655,942787,1126796,1087704,1153213,1218996,1063492,1307996,1177846,928830,1017974,1100544,1083601,1068766,1141442,1062782,1154236,1133158,1066366,1178137,1133221,1042495,1050677,1186928,961952,1047068,1060688,1265645,1238166,1357815,1181177,1108035,950566,1110513,1031805,1043774,1116327
1029011,1012771,1011468,1092824,909636,1048646,840558,1072941,947512,1005344,873975,955639,1164071,893523,889738,960890,1068472,1123194,992772,817892,1129750,1077371,1015607,977109,1033903,1052357,1058684,1023248,882062,1069555,1041876,1029368,1016678,925981,1187345,1127155,893765,860405,1006388,997810,1030474,1052477,958850,1058194,1060384,926234,971345,954886,1040334,973747,1070515,855788,952349,956103,1203555,1143037,1080627,920946,1029640,826458,881462,930520,969460,977617
1174196,1125671,1014324,1148049,973551,1140139,944540,1023612,1078857,1092063,825864,1009350,1272515,1075588,993427,939483,1074041,1187613,1133188,879683,1086109,1123684,1138164,1094682,1018290,1062058,1156634,1170353,1015402,1120474,1088626,1043792,1009246,977643,1166227,1191786,897530,911016,1171794,1033906,1002222,1084251,983317,1146995,1151414,1089755,1091453,1118832,1084790,1041158,1154345,885038,1113308,945370,1242290,1174602,1237639,1098439,1125709,950523,1038197,1002345,1045826,1140748
1238210,1261268,1137523,1438498,1068416,1196732,1101044,1192878,1111845,1138596,982471,1148677,1366525,1029300,1143252,1061001,1186169,1223363,1135858,1008298,1253108,1275699,1255558,1117266,1228576,1224865,1314279,1190223,1042998,1202257,1190566,1167362,1156563,1060991,1398974,1344418,1049565,1062703,1151491,1200668,1139515,1166559,1077248,1287051,1261504,1166568,1299370,1091165,1206843,1156668,1222714,956508,1173017,1115166,1360970,1333071,1335891,1152563,1296066,967883,1149070,1096906,1273237,1240630
1090367,1206725,1046329,1206217,990866,1214490,1018926,1128307,1034143,1085517,915065,1003098,1257351,913332,946133,1005219,1212083,1068559,1100979,934379,1155305,1203788,1150581,1094210,1091031,1089868,1118307,1107510,964925,1097178,1112015,1137240,1144623,1044313,1233507,1225003,1013272,874834,1055309,1110302,1060967,1107134,983023,1214738,1243787,1124581,1109121,1011959,1022884,986130,1102229,958200,1143422,1051841,1299620,1213953,1160821,1075919,1094239,910693,1086328,1007943,1181861,1092565
1117768,1214761,1020493,1197445,1113190,1074878,1020689,1099820,973266,965878,825274,977652,1250791,1059360,987761,998686,1084691,1038683,1086077,945315,1092258,1150854,1051372,1074618,1046422,1021653,1058492,1173857,986113,1052114,1100450,1021989,1118693,960006,1197096,1179953,914744,962775,1004425,1043518,1034128,1068517,959282,1119098,1163733,1131293,1096452,1028902,1058016,1046235,1116717,921767,1081902,974802,1233722,1190887,1176807,1094457,1120393,891848,1005129,1039636,1153270,1163751
1201347,1239866,1110842,1320433,1078947,1215687,1086056,1229272,1134117,1175134,992728,1165043,1322803,1082641,1083755,1111939,1265379,1290745,1161294,1011169,1282616,1350668,1180285,1116181,1147019,1227444,1265532,1190459,1068836,1178242,1189619,1243875,1205846,1114428,1437854,1299404,1058358,1086990,1228825,1171950,1184946,1162066,1068088,1213749,1204455,1174259,1266230,1101375,1112388,1113579,1142890,1028962,1261217,1038529,1369009,1331524,1307651,1174219,1206071,988058,1229483,1085775,1231293,1190604
1125796,1182931,1076547,1164144,1020145,1135978,973415,1150188,984558,998820,887026,1003238,1173957,930602,968952,979881,1101230,1098664,1047174,949751,1154401,1137576,1028923,967197,1089149,1058666,1113672,1022322,931643,1065590,1081174,1005290,1039115,965935,1197558,1119803,911514,925203,1076508,1054568,1093079,1079116,1024167,1145070,1140291,1026396,1043232,1028003,1049245,1045698,1091197,917398,1010927,981900,1272470,1107826,1162460,1084652,1090845,859786,992952,1031327,1145369,1149612
1190388,1242580,1071179,1209335,1043368,1158717,955218,1179998,1030231,1029791,969093,967875,1280463,1025427,1044141,1028642,1169000,1084299,1148788,888517,1104329,1144426,1118556,1112583,1145424,1117372,1122554,1089811,1028320,1070407,1072068,1130526,1123089,1033931,1246439,1192367,955843,953383,1045301,1053363,1084412,1061505,1070485,1114117,1150002,1073344,1082170,1141054,1091646,1094103,1258951,935473,1053522,1087055,1243289,1228304,1258399,1073453,1172610,956091,1038795,1038826,1179936,1134596
1056958,1167840,949184,1159595,896234,1023583,891169,1122511,995974,945773,866178,967095,1113577,980770,904134,890521,1004828,1064211,1141999,898354,1061376,1084303,1086860,905119,1000287,955034,989381,1089570,823580,941193,1030737,1063509,1070927,877310,1130562,1089944,882349,910263,969776,960218,1021188,1009877,925815,1162953,1085334,1100568,1045759,859441,886109,943995,1070312,854785,1017285,854216,1262400,1104033,1177235,970336,992627,800833,960861,832790,1025108,1029841
1240686,1197450,1081051,1342984,1088452,1191719,1052682,1210983,1015521,1067204,947036,1072842,1280699,1123364,1103972,1034469,1217493,1208862,1174013,913135,1136476,1275019,1126651,1132670,1096001,1145303,1310174,1187556,1088081,1138275,1173042,1174976,1146709,1110903,1279017,1301066,1036816,1059952,1224011,1110142,1119619,1082714,1028324,1182096,1105851,1078736,1169664,1140873,1170749,1089690,1156241,1006909,1147600,1064666,1299036,1304379,1275266,1173778,1231069,971432,1057030,1052034,1187204,1236428
1218219,1263868,1178473,1343522,1174505,1239048,1070556,1282832,1074832,1054151,987235,1123729,1324632,1048019,1036162,1112851,1226124,1257047,1200851,977572,1265812,1329915,1136456,1141403,1185161,1179680,1285224,1169459,1021372,1226031,1119220,1132461,1228561,1105685,1370272,1270811,991987,1017355,1215450,1198186,1143730,1168296,1086231,1299238,1270897,1136044,1151694,1130201,1146312,1089803,1241312,1007339,1168750,1111716,1345980,1277961,1364046,1189433,1260699,977269,1120940,1148201,1300591,1296349
1134713,1229759,1012500,1247753,1027582,1238960,974518,1225769,1056351,1054669,917845,1078321,1243930,1067637,1002006,1077110,1233239,1123888,1158902,1024420,1127503,1217380,1076249,1089792,1013559,1145881,1157303,1180136,1037871,1100861,1149991,1185185,1122768,1017021,1222022,1218401,939303,953055,1127813,1058028,1103350,1059268,1024667,1275566,1200409,1190354,1108691,1098055,1027699,1048290,1156954,1001785,1121631,1034960,1297141,1240591,1180295,1111369,1158323,924242,1047278,1021325,1178483,1118197
1046780,1174631,1014167,1140016,1049839,1095204,970043,1150507,1018887,970336,829736,1017491,1154769,993110,955303,1007101,1056050,1031918,1129020,971017,1126904,1106716,1065374,943015,1050532,1072911,1135294,1148336,891622,1038775,1084297,934938,1134588,966925,1208438,1115806,926535,931376,982800,958082,1051594,1073818,1003600,1187738,1094861,1000034,1031411,953276,982637,1004235,1127493,923311,1029461,983997,1207505,1234165,1217841,1098891,1114124,904802,1017588,993949,1104937,1066468
1171582,1293913,1105358,1177073,973986,1172532,1048519,1218237,1119553,1088342,1062096,1000721,1258260,1016670,1109656,1050975,1245248,1114110,1181195,1038622,1157221,1160468,1166075,1085511,1182173,1148260,1214687,1108244,992884,1048609,1144313,1198010,1119192,1018664,1309439,1222335,1019841,1128169,1113668,1069121,1150623,1181073,1077953,1209582,1324376,1100942,1161007,1168135,1127911,1092988,1176078,965387,1090892,1017495,1289669,1208751,1313219,1147490,1150169,1034708,1241423,1069483,1152995,1070752
